MAE:6.729356757882568
MSE:64.38799379161654
EVS:0.2746199174660787