MAE:3.223822610899806
MSE:25.721696121771195
EVS:0.6598793745767284