MAE:0.2344832619428497
MSE:0.11372659285863292
EVS:0.8862213623163194