MAE:23.572461675471732
MSE:1427.805693614902
EVS:0.00036497918578734523