MAE:2.3103635208879476
MSE:13.051420041071012
EVS:0.8745242256169139