MAE:2.110119906491499
MSE:11.009177804152758
EVS:0.8863736204173833