MAE:6.159016074405776
MSE:54.47669121780413
EVS:0.31993057933049096