MAE:6.348664708435535
MSE:57.67053998527543
EVS:0.288186917513118